1 0.2509765625 0.85009765625 0.037109375 0.03515625
1 0.2197265625 0.888671875 0.037109375 0.03515625
1 0.0361328125 0.90673828125 0.0341796875 0.03515625
1 0.18310546875 0.908203125 0.0361328125 0.0341796875
1 0.07177734375 0.9130859375 0.0361328125 0.03515625
1 0.10888671875 0.91943359375 0.0361328125 0.0341796875
1 0.14599609375 0.9208984375 0.0361328125 0.0341796875
1 0.41064453125 0.74951171875 0.0361328125 0.03515625
1 0.37451171875 0.77001953125 0.037109375 0.03515625
1 0.33837890625 0.787109375 0.03515625 0.0341796875
1 0.298828125 0.8056640625 0.0361328125 0.0341796875