3 0.40966796875 0.88623046875 0.037109375 0.0361328125
3 0.63671875 0.1376953125 0.037109375 0.03515625
2 0.7236328125 0.142578125 0.0048828125 0.0048828125
3 0.5615234375 0.3515625 0.037109375 0.03515625
3 0.55908203125 0.3876953125 0.0361328125 0.0341796875
3 0.5498046875 0.42236328125 0.03515625 0.0322265625
3 0.5458984375 0.45849609375 0.0361328125 0.03515625
3 0.50634765625 0.51953125 0.0361328125 0.0341796875
3 0.50537109375 0.55712890625 0.0361328125 0.0341796875
3 0.478515625 0.6279296875 0.0361328125 0.0361328125
3 0.46484375 0.6650390625 0.0361328125 0.037109375
3 0.4638671875 0.70263671875 0.0361328125 0.037109375
3 0.4501953125 0.74072265625 0.037109375 0.0380859375
2 0.18505859375 0.77734375 0.00390625 0.00390625
3 0.43896484375 0.78076171875 0.041015625 0.0419921875
3 0.4267578125 0.8271484375 0.0380859375 0.0380859375