1 0.83544921875 0.10693359375 0.0341796875 0.0341796875
1 0.8427734375 0.140625 0.033203125 0.03076171875
1 0.84423828125 0.1767578125 0.0341796875 0.0341796875
1 0.88037109375 0.21728515625 0.0380859375 0.03515625
1 0.83935546875 0.22021484375 0.0380859375 0.0380859375
1 0.91796875 0.22021484375 0.033203125 0.0322265625
1 0.79833984375 0.23876953125 0.03515625 0.0322265625
1 0.8798828125 0.25341796875 0.037109375 0.033203125
1 0.91943359375 0.255859375 0.0361328125 0.03515625
1 0.7578125 0.2587890625 0.0380859375 0.0361328125
1 0.71630859375 0.2734375 0.03515625 0.033203125
1 0.7890625 0.03857421875 0.0341796875 0.0341796875
2 0.81396484375 0.544921875 0.005859375 0.005859375
1 0.80859375 0.07177734375 0.0341796875 0.033203125