1 0.93212890625 0.09716796875 0.0361328125 0.0341796875
1 0.951171875 0.13037109375 0.033203125 0.033203125
1 0.9833984375 0.1396484375 0.0322265625 0.03076171875
1 0.9306640625 0.021484375 0.0361328125 0.0341796875
2 0.4384765625 0.24609375 0.0048828125 0.0048828125
1 0.87841796875 0.33154296875 0.0361328125 0.0361328125
1 0.978515625 0.3330078125 0.03515625 0.0341796875
1 0.84130859375 0.333984375 0.0322265625 0.03076171875
1 0.912109375 0.3447265625 0.02392578125 0.02294921875
1 0.94189453125 0.36083984375 0.0361328125 0.0341796875
1 0.91943359375 0.05712890625 0.0361328125 0.0341796875
2 0.310546875 0.68701171875 0.0078125 0.0078125