2 0.4541015625 0.12890625 0.00390625 0.00390625
2 0.208984375 0.1494140625 0.00390625 0.00390625
2 0.462890625 0.27392578125 0.005859375 0.005859375
2 0.71630859375 0.39697265625 0.0068359375 0.0068359375
2 0.21435546875 0.41796875 0.00390625 0.00390625
2 0.28955078125 0.5322265625 0.00390625 0.00390625
2 0.5634765625 0.53857421875 0.0048828125 0.0048828125
2 0.23046875 0.56201171875 0.005859375 0.005859375
2 0.4736328125 0.5712890625 0.0048828125 0.0048828125
0 0.82666015625 0.60888671875 0.02880859375 0.02880859375
2 0.47021484375 0.72509765625 0.0048828125 0.0048828125
2 0.08251953125 0.07666015625 0.0068359375 0.0068359375