1 0.865234375 0.17041015625 0.02880859375 0.02880859375
1 0.8349609375 0.17236328125 0.03076171875 0.02880859375
1 0.958984375 0.1748046875 0.02685546875 0.02685546875
1 0.986328125 0.177734375 0.02392578125 0.02880859375
1 0.8154296875 0.20068359375 0.02880859375 0.02685546875
1 0.8046875 0.2275390625 0.02685546875 0.02392578125
1 0.8017578125 0.259765625 0.0361328125 0.0341796875
1 0.81640625 0.30126953125 0.0380859375 0.0361328125
1 0.83154296875 0.3330078125 0.02392578125 0.02392578125
1 0.8408203125 0.36376953125 0.02197265625 0.02197265625
1 0.84521484375 0.39208984375 0.03076171875 0.02978515625
1 0.84228515625 0.42578125 0.033203125 0.0341796875
0 0.9287109375 0.62890625 0.0341796875 0.0361328125
2 0.546875 0.93798828125 0.01220703125 0.01220703125
1 0.896484375 0.1669921875 0.03076171875 0.02880859375
1 0.927734375 0.1669921875 0.033203125 0.02880859375