3 0.82666015625 0.84423828125 0.0390625 0.037109375
2 0.1787109375 0.845703125 0.0068359375 0.0068359375
3 0.82666015625 0.8828125 0.0390625 0.037109375
3 0.88916015625 0.28076171875 0.037109375 0.0380859375
3 0.88916015625 0.3193359375 0.0380859375 0.0390625
3 0.8828125 0.35791015625 0.0380859375 0.0390625
2 0.46044921875 0.38232421875 0.00390625 0.00390625
3 0.87939453125 0.39599609375 0.0380859375 0.0361328125
2 0.13623046875 0.39794921875 0.005859375 0.005859375
2 0.2978515625 0.41015625 0.00390625 0.00390625
3 0.873046875 0.43359375 0.0361328125 0.0361328125
3 0.87353515625 0.47265625 0.0361328125 0.037109375
3 0.8642578125 0.5107421875 0.0380859375 0.0361328125
2 0.7275390625 0.51416015625 0.0048828125 0.0048828125
3 0.8603515625 0.54736328125 0.0380859375 0.0361328125
2 0.0625 0.0576171875 0.0048828125 0.0048828125
3 0.857421875 0.58447265625 0.0380859375 0.037109375
2 0.53564453125 0.6142578125 0.00390625 0.00390625
3 0.85302734375 0.6220703125 0.0380859375 0.0380859375
2 0.13720703125 0.62841796875 0.005859375 0.005859375
3 0.85205078125 0.658203125 0.0341796875 0.0341796875
3 0.8349609375 0.69287109375 0.033203125 0.0341796875
3 0.83447265625 0.72705078125 0.0341796875 0.0341796875
2 0.43212890625 0.07568359375 0.00390625 0.00390625
2 0.14404296875 0.81787109375 0.005859375 0.005859375