2 0.43701171875 0.16455078125 0.005859375 0.005859375
2 0.61279296875 0.16650390625 0.00390625 0.00390625
2 0.71533203125 0.27490234375 0.005859375 0.005859375
2 0.609375 0.39794921875 0.005859375 0.005859375
2 0.77587890625 0.4560546875 0.00390625 0.00390625
0 0.701171875 0.458984375 0.02587890625 0.02587890625
2 0.52783203125 0.4736328125 0.00390625 0.00390625
2 0.97509765625 0.609375 0.0087890625 0.0087890625
2 0.62646484375 0.64208984375 0.0048828125 0.0048828125
2 0.63818359375 0.72265625 0.005859375 0.005859375
2 0.61181640625 0.83203125 0.0078125 0.0078125