2 0.83984375 0.85009765625 0.0048828125 0.0048828125
3 0.158203125 0.85205078125 0.033203125 0.033203125
2 0.28759765625 0.990234375 0.0048828125 0.0048828125
3 0.341796875 0.16259765625 0.0361328125 0.03515625
2 0.791015625 0.1689453125 0.0078125 0.0087890625
3 0.31982421875 0.24365234375 0.037109375 0.03515625
3 0.3037109375 0.30078125 0.037109375 0.0361328125
3 0.3037109375 0.3369140625 0.037109375 0.0341796875
3 0.2841796875 0.3740234375 0.03515625 0.0341796875
3 0.2373046875 0.51806640625 0.03515625 0.0341796875
2 0.125 0.53369140625 0.0048828125 0.0048828125
3 0.2216796875 0.5537109375 0.03515625 0.03515625
3 0.2216796875 0.587890625 0.03515625 0.033203125
2 0.61083984375 0.62109375 0.00390625 0.00390625
3 0.2216796875 0.62158203125 0.03515625 0.0341796875
3 0.2216796875 0.65673828125 0.03515625 0.03515625
3 0.20166015625 0.69189453125 0.03515625 0.0341796875