2 0.78857421875 0.8349609375 0.00390625 0.00390625
2 0.904296875 0.26904296875 0.005859375 0.005859375
2 0.8154296875 0.34326171875 0.01611328125 0.01611328125
2 0.7861328125 0.36572265625 0.0048828125 0.0048828125
2 0.39404296875 0.03857421875 0.0048828125 0.0048828125
2 0.810546875 0.39404296875 0.00390625 0.00390625
2 0.81884765625 0.4140625 0.00390625 0.00390625
2 0.3740234375 0.0419921875 0.00390625 0.00390625
2 0.72119140625 0.42578125 0.00390625 0.00390625
2 0.52734375 0.4287109375 0.00390625 0.0029296875
2 0.5888671875 0.4326171875 0.00390625 0.00390625
2 0.38818359375 0.04931640625 0.00390625 0.00390625
1 0.80029296875 0.52685546875 0.01904296875 0.02001953125
2 0.72119140625 0.65380859375 0.00390625 0.00390625
2 0.94189453125 0.68994140625 0.00390625 0.00390625
2 0.28857421875 0.72412109375 0.0029296875 0.00390625
0 0.81103515625 0.7529296875 0.02978515625 0.02880859375
2 0.73828125 0.81884765625 0.00390625 0.00390625