2 0.18115234375 0.9130859375 0.0029296875 0.001953125
2 0.18408203125 0.916015625 0.00390625 0.00390625
2 0.30419921875 0.9716796875 0.0029296875 0.00390625
2 0.50146484375 0.09765625 0.005859375 0.005859375
2 0.58642578125 0.2431640625 0.01220703125 0.01220703125
2 0.53173828125 0.03759765625 0.00390625 0.00390625
2 0.53662109375 0.04150390625 0.0029296875 0.0029296875
2 0.52392578125 0.044921875 0.0048828125 0.0048828125
2 0.52001953125 0.0498046875 0.00390625 0.00390625
2 0.52197265625 0.072265625 0.005859375 0.005859375
1 0.10693359375 0.07421875 0.0322265625 0.0322265625