2 0.05126953125 0.12109375 0.0048828125 0.0048828125
2 0.2119140625 0.13427734375 0.00390625 0.00390625
2 0.06689453125 0.18798828125 0.00390625 0.00390625
2 0.7333984375 0.2265625 0.0048828125 0.00390625
2 0.38818359375 0.26416015625 0.0048828125 0.0048828125
2 0.2431640625 0.36767578125 0.0048828125 0.0048828125
2 0.5498046875 0.3955078125 0.00390625 0.00390625
2 0.00390625 0.4052734375 0.0048828125 0.0048828125
2 0.4736328125 0.52099609375 0.0048828125 0.0048828125
2 0.083984375 0.060546875 0.0068359375 0.0068359375
2 0.130859375 0.72216796875 0.0048828125 0.0048828125
2 0.46337890625 0.7880859375 0.00390625 0.00390625