3 0.6484375 0.1376953125 0.03515625 0.0361328125
2 0.93115234375 0.171875 0.00390625 0.00390625
3 0.64697265625 0.17529296875 0.0341796875 0.0341796875
3 0.62646484375 0.21728515625 0.0361328125 0.0341796875
3 0.63720703125 0.25537109375 0.0341796875 0.0322265625
3 0.62548828125 0.28955078125 0.0361328125 0.03515625
3 0.6259765625 0.32568359375 0.037109375 0.0361328125
3 0.6259765625 0.36181640625 0.037109375 0.0361328125
2 0.8857421875 0.39501953125 0.005859375 0.005859375
3 0.6083984375 0.39794921875 0.037109375 0.03515625
3 0.60693359375 0.43408203125 0.037109375 0.0361328125
3 0.6044921875 0.48388671875 0.037109375 0.0341796875
2 0.134765625 0.48828125 0.00390625 0.0029296875