2 0.2509765625 0.83837890625 0.0048828125 0.0048828125
3 0.69482421875 0.8388671875 0.06005859375 0.06005859375
2 0.05712890625 0.83935546875 0.005859375 0.005859375
3 0.7890625 0.13623046875 0.0390625 0.0361328125
3 0.78173828125 0.17626953125 0.0400390625 0.0380859375
3 0.77880859375 0.21728515625 0.0400390625 0.0390625
2 0.11962890625 0.24951171875 0.00390625 0.00390625
3 0.77587890625 0.25732421875 0.0400390625 0.0400390625
3 0.7724609375 0.29833984375 0.0400390625 0.0390625
3 0.77099609375 0.34033203125 0.0439453125 0.0439453125
3 0.77099609375 0.38623046875 0.0439453125 0.0439453125
2 0.07958984375 0.40966796875 0.00390625 0.00390625
2 0.06298828125 0.4521484375 0.00390625 0.00390625
3 0.71923828125 0.6591796875 0.0517578125 0.0517578125
3 0.71484375 0.7109375 0.0517578125 0.05078125
3 0.71240234375 0.7626953125 0.0517578125 0.0498046875