1 0.4140625 0.8740234375 0.02490234375 0.02392578125
1 0.38916015625 0.88037109375 0.02294921875 0.02392578125
2 0.14892578125 0.0888671875 0.00390625 0.00390625
1 0.36279296875 0.888671875 0.02783203125 0.02783203125
1 0.4296875 0.8955078125 0.02001953125 0.01904296875
1 0.4326171875 0.91552734375 0.02099609375 0.02001953125
1 0.453125 0.92138671875 0.01904296875 0.02001953125
2 0.3759765625 0.13232421875 0.0048828125 0.0048828125
2 0.21484375 0.201171875 0.0048828125 0.0048828125
2 0.12744140625 0.24365234375 0.00390625 0.00390625
2 0.44970703125 0.30419921875 0.00390625 0.00390625
2 0.4541015625 0.35009765625 0.0048828125 0.0048828125
2 0.30712890625 0.44189453125 0.0068359375 0.0078125
2 0.1357421875 0.076171875 0.00390625 0.00390625