2 0.833984375 0.91357421875 0.00390625 0.00390625
2 0.1279296875 0.123046875 0.0048828125 0.0048828125
2 0.66064453125 0.23681640625 0.0078125 0.0078125
2 0.681640625 0.24169921875 0.0068359375 0.0068359375
1 0.80615234375 0.263671875 0.01806640625 0.01904296875
1 0.99169921875 0.310546875 0.01513671875 0.01806640625
2 0.37255859375 0.326171875 0.0048828125 0.0048828125
2 0.56640625 0.34619140625 0.0048828125 0.0048828125
2 0.65576171875 0.3466796875 0.005859375 0.005859375
2 0.3154296875 0.39697265625 0.00390625 0.00390625
2 0.31787109375 0.43310546875 0.00390625 0.00390625
2 0.2294921875 0.439453125 0.0048828125 0.0048828125
2 0.88623046875 0.46044921875 0.00390625 0.00390625
2 0.28662109375 0.47216796875 0.0048828125 0.0048828125
2 0.787109375 0.48046875 0.0048828125 0.0048828125
2 0.23193359375 0.53271484375 0.005859375 0.005859375
2 0.6181640625 0.5576171875 0.00390625 0.00390625
2 0.29150390625 0.57666015625 0.0048828125 0.0048828125
2 0.8955078125 0.7392578125 0.0048828125 0.0048828125
2 0.47412109375 0.7578125 0.005859375 0.005859375
2 0.93701171875 0.76318359375 0.00390625 0.00390625
2 0.2373046875 0.787109375 0.0068359375 0.005859375
2 0.6279296875 0.83056640625 0.0048828125 0.0048828125