2 0.10888671875 0.1064453125 0.0048828125 0.0048828125
2 0.09716796875 0.13720703125 0.00390625 0.00390625
2 0.1943359375 0.14208984375 0.00390625 0.00390625
2 0.80810546875 0.22412109375 0.00390625 0.00390625
2 0.6484375 0.23583984375 0.00390625 0.00390625
2 0.02880859375 0.25048828125 0.0048828125 0.001953125
2 0.39501953125 0.32861328125 0.0048828125 0.0048828125
2 0.3232421875 0.4052734375 0.00390625 0.00390625
2 0.48095703125 0.41357421875 0.0048828125 0.0048828125
2 0.43603515625 0.47900390625 0.00390625 0.00390625
2 0.44921875 0.66357421875 0.0048828125 0.0048828125