3 0.8265 0.844 0.0385 0.0365
2 0.1785 0.8455 0.0065 0.0065
3 0.8265 0.883 0.0385 0.0365
3 0.889 0.281 0.0365 0.0385
3 0.889 0.3195 0.0375 0.0385
3 0.883 0.358 0.0375 0.0385
2 0.4605 0.3825 0.004 0.004
3 0.8795 0.396 0.0375 0.0365
2 0.136 0.398 0.006 0.006
2 0.298 0.41 0.004 0.004
3 0.873 0.4335 0.036 0.036
3 0.8735 0.4725 0.0365 0.0375
3 0.8645 0.5105 0.0375 0.0365
2 0.7275 0.514 0.005 0.005
3 0.8605 0.5475 0.0375 0.036
2 0.0625 0.0575 0.005 0.005
3 0.8575 0.5845 0.0375 0.0365
2 0.5355 0.6145 0.004 0.004
3 0.853 0.622 0.0375 0.0375
2 0.137 0.6285 0.006 0.006
3 0.852 0.658 0.034 0.0335
3 0.835 0.693 0.0325 0.0335
3 0.8345 0.727 0.0335 0.034
2 0.432 0.0755 0.004 0.004
2 0.144 0.818 0.006 0.006