2 0.834 0.9135 0.004 0.004
2 0.128 0.123 0.005 0.005
2 0.6605 0.237 0.0075 0.0075
2 0.6815 0.2415 0.0065 0.0065
1 0.806 0.2635 0.0185 0.019
1 0.9915 0.3105 0.015 0.0175
2 0.3725 0.326 0.005 0.005
2 0.5665 0.346 0.005 0.005
2 0.656 0.3465 0.006 0.006
2 0.3155 0.397 0.004 0.004
2 0.318 0.433 0.004 0.004
2 0.2295 0.4395 0.005 0.005
2 0.886 0.4605 0.004 0.004
2 0.2865 0.472 0.005 0.005
2 0.787 0.4805 0.005 0.005
2 0.232 0.5325 0.006 0.006
2 0.618 0.5575 0.004 0.004
2 0.2915 0.5765 0.005 0.005
2 0.8955 0.7395 0.005 0.005
2 0.474 0.758 0.006 0.006
2 0.937 0.763 0.004 0.004
2 0.2375 0.787 0.0065 0.0065
2 0.628 0.8305 0.005 0.005