4 0.904296875 0.73046875 0.02783203125 0.02978515625
10 0.81689453125 0.65380859375 0.0361328125 0.037109375
4 0.78955078125 0.63818359375 0.02001953125 0.01904296875
2 0.77783203125 0.6328125 0.041015625 0.0439453125
4 0.52783203125 0.5712890625 0.02001953125 0.01904296875
2 0.4873046875 0.5302734375 0.06298828125 0.0361328125
7 0.80029296875 0.4736328125 0.02490234375 0.02880859375
4 0.9404296875 0.310546875 0.03076171875 0.033203125
2 0.1220703125 0.279296875 0.06591796875 0.12109375
4 0.28466796875 0.27783203125 0.02783203125 0.02392578125
10 0.81494140625 0.24658203125 0.037109375 0.05322265625
4 0.73876953125 0.1806640625 0.02783203125 0.02392578125
4 0.7880859375 0.16552734375 0.02197265625 0.01806640625
2 0.62255859375 0.12060546875 0.11279296875 0.041015625