1 0.15966796875 0.833984375 0.05419921875 0.046875
4 0.236328125 0.3408203125 0.02783203125 0.02587890625
4 0.2392578125 0.31884765625 0.02294921875 0.02294921875
4 0.2998046875 0.14013671875 0.01904296875 0.02490234375
4 0.3466796875 0.34423828125 0.01806640625 0.02392578125
4 0.43359375 0.68310546875 0.02392578125 0.02392578125
4 0.4384765625 0.7705078125 0.02783203125 0.02197265625
4 0.4599609375 0.11181640625 0.02197265625 0.02392578125
4 0.47119140625 0.71240234375 0.02099609375 0.02392578125
4 0.48046875 0.21142578125 0.02392578125 0.02294921875
4 0.53271484375 0.76904296875 0.02783203125 0.02197265625
4 0.55712890625 0.37939453125 0.02197265625 0.02783203125
1 0.56591796875 0.4580078125 0.0478515625 0.0458984375
4 0.7421875 0.10595703125 0.02490234375 0.02685546875
4 0.7568359375 0.52734375 0.02587890625 0.02392578125
4 0.78662109375 0.7626953125 0.02197265625 0.02490234375