1 0.84033203125 0.166015625 0.05419921875 0.046875
4 0.763671875 0.6591796875 0.02783203125 0.02587890625
4 0.7607421875 0.68115234375 0.02294921875 0.02294921875
4 0.7001953125 0.85986328125 0.01904296875 0.02490234375
4 0.6533203125 0.65576171875 0.01806640625 0.02392578125
4 0.56640625 0.31689453125 0.02392578125 0.02392578125
4 0.5615234375 0.2294921875 0.02783203125 0.02197265625
4 0.5400390625 0.88818359375 0.02197265625 0.02392578125
4 0.52880859375 0.28759765625 0.02099609375 0.02392578125
4 0.51953125 0.78857421875 0.02392578125 0.02294921875
4 0.46728515625 0.23095703125 0.02783203125 0.02197265625
4 0.44287109375 0.62060546875 0.02197265625 0.02783203125
1 0.43408203125 0.5419921875 0.0478515625 0.0458984375
4 0.2578125 0.89404296875 0.02490234375 0.02685546875
4 0.2431640625 0.47265625 0.02587890625 0.02392578125
4 0.21337890625 0.2373046875 0.02197265625 0.02490234375