4 0.26953125 0.904296875 0.02978515625 0.02783203125
10 0.34619140625 0.81689453125 0.037109375 0.0361328125
4 0.36181640625 0.78955078125 0.01904296875 0.02001953125
2 0.3671875 0.77783203125 0.0439453125 0.041015625
4 0.4287109375 0.52783203125 0.01904296875 0.02001953125
2 0.4697265625 0.4873046875 0.0361328125 0.06298828125
7 0.5263671875 0.80029296875 0.02880859375 0.02490234375
4 0.689453125 0.9404296875 0.033203125 0.03076171875
2 0.720703125 0.1220703125 0.12109375 0.06591796875
4 0.72216796875 0.28466796875 0.02392578125 0.02783203125
10 0.75341796875 0.81494140625 0.05322265625 0.037109375
4 0.8193359375 0.73876953125 0.02392578125 0.02783203125
4 0.83447265625 0.7880859375 0.01806640625 0.02197265625
2 0.87939453125 0.62255859375 0.041015625 0.11279296875